14 31
9 11 697 S
10 13 251 S
4 12 511 S
1 9 887 L
7 11 698 S
1 8 646 S
10 14 310 S
6 11 32 S
9 11 498 L
2 4 303 S
6 12 614 S
2 11 66 S
11 14 853 L
5 14 4 S
4 14 516 S
11 13 873 L
2 3 520 S
8 10 453 S
3 13 3 L
10 14 596 L
8 13 194 S
4 6 464 L
6 13 545 L
5 6 870 L
5 9 376 S
5 11 91 L
7 11 275 L
2 10 714 S
7 14 610 L
5 10 494 S
3 6 582 L
3
3 4 3
0 0

3 3
1 2 5 L
1 2 7 S
2 3 11 S
3
1 2 3

5 5
1 2 15 L
2 3 10 L
4 5 7 L
1 3 30 S
3 4 100 S
5
1 3 5 4 1

3 3
1 2 5 L
1 2 7 S
2 3 11 S
1
2

3 3
1 2 5 L
1 2 7 S
2 3 11 S
1
3

0 0
